-1.000000000000000000e+01 2.483570766887951142e-01
-9.949874686716791317e+00 -6.913215034135014592e-02
-9.899749373433584410e+00 3.238442693775830938e-01
-9.849624060150375726e+00 7.615149286442958187e-01
-9.799498746867168819e+00 -1.170766867671636374e-01
-9.749373433583960136e+00 -1.170684776694744245e-01
-9.699248120300751452e+00 7.896064088465911679e-01
-9.649122807017544545e+00 3.837173660626201910e-01
-9.598997493734335862e+00 -2.347371909440176263e-01
-9.548872180451127178e+00 2.712800245500674445e-01
-9.498746867167920271e+00 -2.317088426483195074e-01
-9.448621553884711588e+00 -2.328648716634069971e-01
-9.398496240601502905e+00 1.209811427606930223e-01
-9.348370927318295998e+00 -9.566401128293703371e-01
-9.298245614035087314e+00 -8.624589033360683388e-01
-9.248120300751880407e+00 -2.811437470679296613e-01
-9.197994987468671724e+00 -5.064155363546044564e-01
-9.147869674185463040e+00 1.571236985532693808e-01
-9.097744360902256133e+00 -4.540119941416974614e-01
-9.047619047619047450e+00 -7.061517917884152507e-01
-8.997493734335840543e+00 7.328244637880900747e-01
-8.947368421052631859e+00 -1.128880435791339426e-01
-8.897243107769423176e+00 3.376424546930319182e-02
-8.847117794486216269e+00 -7.123739014653255319e-01
-8.796992481203007586e+00 -2.721911062194424802e-01
-8.746867167919798902e+00 5.546163617970950588e-02
-8.696741854636591995e+00 -5.754963347317983979e-01
-8.646616541353383312e+00 1.878496115983295245e-01
-8.596491228070174628e+00 -3.003185474110839359e-01
-8.546365914786967721e+00 -1.458458215134620650e-01
-8.496240601503759038e+00 -3.008519181375803320e-01
-8.446115288220552131e+00 9.261409167254059938e-01
-8.395989974937343447e+00 -6.746219915006096413e-03
-8.345864661654134764e+00 -5.288523348229764443e-01
-8.295739348370927857e+00 4.112765400975239016e-01
-8.245614035087719174e+00 -6.104165085346944242e-01
-8.195488721804512267e+00 1.044387012728909964e-01
-8.145363408521303583e+00 -9.798261189838081142e-01
-8.095238095238094900e+00 -6.640814685610931800e-01
-8.045112781954887993e+00 9.844551328357457887e-02
-7.994987468671679309e+00 3.692524423060553618e-01
-7.944862155388471514e+00 8.570870537549285517e-02
-7.894736842105263719e+00 -5.779271263719273910e-02
-7.844611528822055035e+00 -1.505117376292859910e-01
-7.794486215538847240e+00 -7.392099327197964032e-01
-7.744360902255639445e+00 -3.598572608573701870e-01
-7.694235588972430762e+00 -2.302372474271617842e-01
-7.644110275689222966e+00 5.286648989431111945e-01
-7.593984962406015171e+00 1.719399562259289471e-01
-7.543859649122807376e+00 -8.813556152230638263e-01
-7.493734335839599581e+00 1.622482378995323549e-01
-7.443609022556390897e+00 -1.922831239652062207e-01
-7.393483709273183102e+00 -3.381390375555896055e-01
-7.343358395989975307e+00 3.062388962155088157e-01
-7.293233082706766623e+00 5.159973343571413462e-01
-7.243107769423558828e+00 4.662562989066372232e-01
-7.192982456140351033e+00 -4.188474669051576726e-01
-7.142857142857143238e+00 -1.536680496797341311e-01
-7.092731829573935443e+00 1.667848803849389383e-01
-7.042606516290726759e+00 4.891864877306753567e-01
-6.992481203007518964e+00 -2.378578161043087835e-01
-6.942355889724311169e+00 -9.071976262479958253e-02
-6.892230576441102485e+00 -5.506001029562770377e-01
-6.842105263157894690e+00 -5.949868239205586828e-01
-6.791979949874686895e+00 4.100364586395294220e-01
-6.741854636591479100e+00 6.826776936808899299e-01
-6.691729323308271304e+00 -3.051411350424474214e-02
-6.641604010025062621e+00 5.083651773821631359e-01
-6.591478696741854826e+00 1.887281249662919880e-01
-6.541353383458647031e+00 -3.131015481101622755e-01
-6.491228070175438347e+00 1.919790083278769821e-01
-6.441102756892230552e+00 7.824399322760042796e-01
-6.390977443609022757e+00 -1.984864209022663140e-03
-6.340852130325814962e+00 8.011771645973668754e-01
-6.290726817042607166e+00 -1.287608086465777513e+00
-6.240601503759398483e+00 4.371752804934155301e-01
-6.190476190476190688e+00 7.433381494397084399e-02
-6.140350877192982892e+00 -1.133958768986370047e-01
-6.090225563909774209e+00 8.809039674708640799e-02
-6.040100250626566414e+00 -9.445647606802427543e-01
-5.989974937343358619e+00 -5.258647378239882098e-02
-5.939849624060150823e+00 2.449784530571082475e-01
-5.889724310776943028e+00 8.158182172631008866e-01
-5.839598997493734345e+00 -1.703943316878992476e-01
-5.789473684210526550e+00 -3.020607014444223193e-01
-5.739348370927318754e+00 -1.335051965580949518e-01
-5.689223057644110071e+00 5.921805242783524381e-01
-5.639097744360902276e+00 3.180676441325119841e-01
-5.588972431077694480e+00 -8.967125791248328759e-02
-5.538847117794486685e+00 4.558704893454689211e-01
-5.488721804511278890e+00 2.745301856480636959e-01
-5.438596491228070207e+00 7.400181377088079770e-01
-5.388471177944862411e+00 -6.244824343545407608e-02
-5.338345864661654616e+00 1.610414485469109092e-01
-5.288220551378445933e+00 1.687597060848291530e-01
-5.238095238095238138e+00 -3.231197563707254861e-01
-5.187969924812030342e+00 6.046377564816622918e-01
-5.137844611528822547e+00 6.393893114646059805e-01
-5.087719298245614752e+00 5.682666936741800345e-01
-5.037593984962406068e+00 5.100376206569239290e-01
-4.987468671679198273e+00 -1.376618313310484787e-02
-4.937343358395990478e+00 5.553266354566367413e-01
-4.887218045112781795e+00 6.713172562213486350e-01
-4.837092731829573999e+00 5.239829595862397493e-01
-4.786967418546366204e+00 9.324442157680281618e-01
-4.736842105263158409e+00 1.308658726041191933e+00
-4.686716791979950614e+00 2.148877488983770956e+00
-4.636591478696741930e+00 1.397812115828888757e+00
-4.586466165413534135e+00 1.549561511651598389e+00
-4.536340852130326340e+00 1.499239217606461061e+00
-4.486215538847117656e+00 6.980018839538441044e-01
-4.436090225563909861e+00 1.770087928757790641e+00
-4.385964912280702066e+00 1.944175919411383457e+00
-4.335839598997494271e+00 3.280825410568423806e+00
-4.285714285714286476e+00 2.092205761834506905e+00
-4.235588972431077792e+00 2.481932588978631227e+00
-4.185463659147869997e+00 2.459661287971506294e+00
-4.135338345864662202e+00 2.041060633227227417e+00
-4.085213032581453518e+00 3.347102552674400489e+00
-4.035087719298245723e+00 3.303192245474077637e+00
-3.984962406015037928e+00 3.474806716447295329e+00
-3.934837092731830133e+00 2.776437864967997271e+00
-3.884711779448622337e+00 4.083354502258393026e+00
-3.834586466165413654e+00 2.830021556618172340e+00
-3.784461152882205859e+00 3.970685495896664641e+00
-3.734335839598998064e+00 4.915255579350915838e+00
-3.684210526315789380e+00 3.463125094298999063e+00
-3.634085213032581585e+00 3.808339747507761608e+00
-3.583959899749373790e+00 4.268285083044486505e+00
-3.533834586466165995e+00 4.086732817090891423e+00
-3.483709273182958199e+00 3.675384231289752890e+00
-3.433583959899749516e+00 4.588708014982439742e+00
-3.383458646616541721e+00 4.117728167252503013e+00
-3.333333333333333925e+00 4.970205139835901953e+00
-3.283208020050125242e+00 4.347696373744194709e+00
-3.233082706766917447e+00 5.645311246408534878e+00
-3.182957393483709652e+00 4.530130840735709263e+00
-3.132832080200501856e+00 4.800242199958034917e+00
-3.082706766917294061e+00 5.395360123389124851e+00
-3.032581453634085378e+00 4.388112610339137909e+00
-2.982456140350877583e+00 5.119727376213923264e+00
-2.932330827067669787e+00 5.649519946979234319e+00
-2.882205513784461104e+00 4.169740400301498617e+00
-2.832080200501253309e+00 5.031092084325329061e+00
-2.781954887218045513e+00 5.022038258137409450e+00
-2.731829573934837718e+00 5.224715637677884494e+00
-2.681704260651629923e+00 4.145862717697765376e+00
-2.631578947368421240e+00 4.023989541122285019e+00
-2.581453634085213444e+00 4.855005902889650393e+00
-2.531328320802005649e+00 4.642938993460061781e+00
-2.481203007518796966e+00 4.511413094146883296e+00
-2.431077694235589171e+00 4.443182641153317292e+00
-2.380952380952381375e+00 3.806613758256957247e+00
-2.330827067669173580e+00 4.133131642382345206e+00
-2.280701754385965785e+00 4.028488594571003389e+00
-2.230576441102757101e+00 3.385164228427365529e+00
-2.180451127819549306e+00 4.531930290695323826e+00
-2.130325814536341511e+00 3.689849305944272295e+00
-2.080200501253132828e+00 2.709216206769184510e+00
-2.030075187969925032e+00 3.483963341659538138e+00
-1.979949874686717237e+00 2.518858295433771488e+00
-1.929824561403508554e+00 3.250724391219268483e+00
-1.879699248120301647e+00 3.288669554641249881e+00
-1.829573934837092963e+00 2.153118311806123231e+00
-1.779448621553886056e+00 2.901775327519681813e+00
-1.729323308270677373e+00 2.486235019304606997e+00
-1.679197994987468689e+00 2.554295657211671511e+00
-1.629072681704261782e+00 2.959224137692017198e+00
-1.578947368421053099e+00 1.760256196915408688e+00
-1.528822055137844416e+00 1.383126828822881293e+00
-1.478696741854637509e+00 1.197508484769147064e+00
-1.428571428571428825e+00 1.122105359703845062e+00
-1.378446115288220142e+00 1.384871957337397319e+00
-1.328320802005013235e+00 1.493220062460706377e+00
-1.278195488721804551e+00 1.366111882867351301e+00
-1.228070175438597644e+00 1.552427769496016463e+00
-1.177944862155388961e+00 1.062357502669585507e+00
-1.127819548872180277e+00 1.705559338622564702e+00
-1.077694235588973370e+00 7.752444758357657228e-01
-1.027568922305764687e+00 2.202181305744553619e+00
-9.774436090225577800e-01 1.095068678109351712e+00
-9.273182957393490966e-01 2.992569149039535636e-01
-8.771929824561404132e-01 1.432810595316684754e-01
-8.270676691729335062e-01 8.759588257981856252e-01
-7.769423558897248228e-01 4.838907502424396601e-01
-7.268170426065161394e-01 9.182176975503417715e-01
-6.766917293233092323e-01 7.679130233799864591e-01
-6.265664160401005489e-01 4.692205389577593366e-01
-5.764411027568918655e-01 6.062494262142498203e-02
-5.263157894736849585e-01 -2.911853061735620862e-01
-4.761904761904762751e-01 2.288143555866424261e-01
-4.260651629072693680e-01 8.695144370512442045e-01
-3.759398496240606846e-01 5.408142261803541295e-01
-3.258145363408520012e-01 -1.936332679154589842e-01
-2.756892230576450942e-01 5.141279929350718314e-01
-2.255639097744364108e-01 6.211559861148503447e-01
-1.754385964912295037e-01 -9.977577823944594471e-03
-1.253132832080208203e-01 5.146076214433343843e-01
-7.518796992481213692e-02 4.748398422690102150e-01
-2.506265664160522988e-02 -1.156960102657749179e-01
2.506265664160345352e-02 6.466766461016870693e-01
7.518796992481213692e-02 7.619960446830295053e-01
1.253132832080190440e-01 1.038673524584999397e+00
1.754385964912277274e-01 1.041221712853185988e+00
2.255639097744364108e-01 -1.557986788272353040e-01
2.756892230576433178e-01 8.430315710995456291e-02
3.258145363408520012e-01 8.323065016035990915e-01
3.759398496240589083e-01 8.545844447345158912e-01
4.260651629072675917e-01 8.793893120719453727e-01
4.761904761904762751e-01 2.573624068237284845e+00
5.263157894736831821e-01 9.592675903906605628e-01
5.764411027568918655e-01 1.269296872070629245e+00
6.265664160400987726e-01 1.207294560765897806e+00
6.766917293233074560e-01 1.085820146600801950e+00
7.268170426065161394e-01 6.333378289744703293e-01
7.769423558897230464e-01 1.202290022678143888e+00
8.270676691729317298e-01 4.691803408948392873e-01
8.771929824561404132e-01 7.708964663907306170e-01
9.273182957393473203e-01 6.812335818871402271e-01
9.774436090225560037e-01 1.000330655410787806e+00
1.027568922305764687e+00 2.153041689861357355e+00
1.077694235588971594e+00 9.921093562808613875e-02
1.127819548872180277e+00 1.413888267896863393e+00
1.177944862155387185e+00 3.030688616526595602e-01
1.228070175438595868e+00 9.128529877798836623e-01
1.278195488721804551e+00 1.733378219878391135e+00
1.328320802005011458e+00 1.261785892965024081e+00
1.378446115288220142e+00 7.321410741233697062e-01
1.428571428571427049e+00 9.553179241558749091e-01
1.478696741854635732e+00 1.695276196675596481e+00
1.528822055137844416e+00 1.033313574067277862e+00
1.578947368421051323e+00 1.550216828748174791e+00
1.629072681704260006e+00 1.508692450140441288e+00
1.679197994987468689e+00 1.204409189736617813e+00
1.729323308270675597e+00 2.646821773513754472e+00
1.779448621553884280e+00 1.936739057702959066e+00
1.829573934837092963e+00 6.523776988348573003e-01
1.879699248120299870e+00 1.803533696374532758e+00
1.929824561403508554e+00 1.424905780558037627e+00
1.979949874686715461e+00 2.227588326462797141e+00
2.030075187969924144e+00 1.450707849691596607e+00
2.080200501253132828e+00 1.835162797433654625e+00
2.130325814536339735e+00 2.190494703445375002e+00
2.180451127819548418e+00 2.416195748199922555e+00
2.230576441102755325e+00 1.428272773457404110e+00
2.280701754385964009e+00 1.905996646127330107e+00
2.330827067669172692e+00 1.880261234300234952e+00
2.380952380952379599e+00 1.835152407564449195e+00
2.431077694235588282e+00 3.088159390110978286e+00
2.481203007518796966e+00 2.451005670808861225e+00
2.531328320802003873e+00 1.660557606354783111e+00
2.581453634085212556e+00 2.791752366002530295e+00
2.631578947368421240e+00 3.434993214541567585e+00
2.681704260651628147e+00 2.930448479009922558e+00
2.731829573934836830e+00 1.693974090093221863e+00
2.781954887218043737e+00 2.250063792236925320e+00
2.832080200501252421e+00 3.163173457273789513e+00
2.882205513784461104e+00 2.212373167913295635e+00
2.932330827067668011e+00 2.823499331817119096e+00
2.982456140350876694e+00 3.023120034808224332e+00
3.032581453634083601e+00 2.205324218358249766e+00
3.082706766917292285e+00 2.670729234777547756e+00
3.132832080200500968e+00 1.110221409178089091e+00
3.182957393483707875e+00 2.247631726305792110e+00
3.233082706766916559e+00 2.661067888613146248e+00
3.283208020050125242e+00 2.189493594439098523e+00
3.333333333333332149e+00 3.654084068434952925e+00
3.383458646616540832e+00 2.145716666582754506e+00
3.433583959899749516e+00 2.662048082817361383e+00
3.483709273182956423e+00 2.967058691988190944e+00
3.533834586466165106e+00 3.640242176873980551e+00
3.583959899749372013e+00 2.217857563350277950e+00
3.634085213032580697e+00 3.531789607261556441e+00
3.684210526315789380e+00 2.967952522482609989e+00
3.734335839598996287e+00 2.482895536637154343e+00
3.784461152882204971e+00 3.213680850921517340e+00
3.834586466165411878e+00 3.089286760917751895e+00
3.884711779448620561e+00 2.694911434692422336e+00
3.934837092731829244e+00 3.033309138503205382e+00
3.984962406015036152e+00 2.807258404432431576e+00
4.035087719298244835e+00 3.056297027721035509e+00
4.085213032581453518e+00 3.328343599867420455e+00
4.135338345864660425e+00 3.786147589788126044e+00
4.185463659147869109e+00 2.368221152383526373e+00
4.235588972431077792e+00 4.045775408186971234e+00
4.285714285714284699e+00 1.993499510389824536e+00
4.335839598997493383e+00 2.882108620452104475e+00
4.385964912280700290e+00 3.238812166098783862e+00
4.436090225563908973e+00 3.070021400306365944e+00
4.486215538847117656e+00 2.601295216299015056e+00
4.536340852130324564e+00 2.789982203394944182e+00
4.586466165413533247e+00 2.627254335218212500e+00
4.636591478696740154e+00 2.557134236046013420e+00
4.686716791979948837e+00 3.253069853028977665e+00
4.736842105263157521e+00 2.981661857489313672e+00
4.786967418546364428e+00 2.430063061533185742e+00
4.837092731829573111e+00 3.198207727471535478e+00
4.887218045112781795e+00 2.872523712072953206e+00
4.937343358395988702e+00 3.094399595397338221e+00
4.987468671679197385e+00 2.970560147323488831e+00
5.037593984962406068e+00 2.207764035361370780e+00
5.087719298245612976e+00 2.307483149933507782e+00
5.137844611528821659e+00 2.925388114807990547e+00
5.187969924812028566e+00 2.820010138400540267e+00
5.238095238095237249e+00 2.466435662012586238e+00
5.288220551378445933e+00 2.496652072137044875e+00
5.338345864661652840e+00 3.037026754628842085e+00
5.388471177944861523e+00 2.061782736890093837e+00
5.438596491228068430e+00 2.589724124700301999e+00
5.488721804511277114e+00 2.172983985914497929e+00
5.538847117794485797e+00 2.122507610420566682e+00
5.588972431077692704e+00 2.737432691361204817e+00
5.639097744360901387e+00 2.556941601292992861e+00
5.689223057644110071e+00 2.506735134013824418e+00
5.739348370927316978e+00 2.708088467343757078e+00
5.789473684210525661e+00 2.020905083400447833e+00
5.839598997493734345e+00 2.306181808218601859e+00
5.889724310776941252e+00 1.764683954461862658e+00
5.939849624060149935e+00 2.036383104626318552e+00
5.989974937343356842e+00 1.763641137271003911e+00
6.040100250626565526e+00 1.831611778455810136e+00
6.090225563909772433e+00 2.035138677666228801e+00
6.140350877192982892e+00 1.282996753184039829e+00
6.190476190476189799e+00 2.693001929705992836e+00
6.240601503759396707e+00 1.098707063880898005e+00
6.290726817042607166e+00 9.497853842347534492e-01
6.340852130325814073e+00 2.091403877836531144e+00
6.390977443609020980e+00 1.863999760455690602e+00
6.441102756892227887e+00 1.736443930456083695e+00
6.491228070175438347e+00 1.695210390208333529e+00
6.541353383458645254e+00 1.332046148260656482e+00
6.591478696741852161e+00 8.471906888736713270e-01
6.641604010025062621e+00 1.291920936542121368e+00
6.691729323308269528e+00 8.742248553537423916e-01
6.741854636591476435e+00 1.659770542666455073e+00
6.791979949874686895e+00 1.058734307724672252e+00
6.842105263157893802e+00 6.802413336062909099e-01
6.892230576441100709e+00 8.937236233553209619e-01
6.942355889724311169e+00 1.223031458041005548e+00
6.992481203007518076e+00 6.975959600497074753e-01
7.042606516290724983e+00 5.320024817897488489e-01
7.092731829573935443e+00 1.029389190891498718e+00
7.142857142857142350e+00 9.952547066928061348e-01
7.192982456140349257e+00 5.853310528358059983e-01
7.243107769423559716e+00 5.701305749768446063e-01
7.293233082706766623e+00 8.893462184087614908e-01
7.343358395989973531e+00 1.778173940116489771e-02
7.393483709273180438e+00 7.430720899135323521e-03
7.443609022556390897e+00 3.221183886448231171e-01
7.493734335839597804e+00 5.456354845398552200e-01
7.543859649122804711e+00 7.796719386868529167e-01
7.593984962406015171e+00 1.334594215277879581e+00
7.644110275689222078e+00 9.992795731158210515e-01
7.694235588972428985e+00 4.648453028714804036e-01
7.744360902255639445e+00 5.104965424161529430e-01
7.794486215538846352e+00 -5.251817927809376840e-03
7.844611528822053259e+00 4.635743426046951554e-01
7.894736842105263719e+00 3.061200503141044971e-01
7.944862155388470626e+00 5.902170776278535813e-01
7.994987468671677533e+00 -5.570677489988906661e-03
8.045112781954884440e+00 6.476713367911668406e-01
8.095238095238094900e+00 1.135074021154996338e+00
8.145363408521301807e+00 2.957703494394272048e-01
8.195488721804508714e+00 5.331770260570436459e-01
8.245614035087719174e+00 6.602736956706349858e-01
8.295739348370926081e+00 9.816617345812481132e-02
8.345864661654132988e+00 3.950754516436004171e-01
8.395989974937343447e+00 2.742398203738956597e-01
8.446115288220550354e+00 3.023408631654960210e-01
8.496240601503757262e+00 -1.468152029087704258e-01
8.546365914786967721e+00 2.387420057358828618e-01
8.596491228070174628e+00 4.628761526826505879e-01
8.646616541353381535e+00 9.274141458646820713e-01
8.696741854636591995e+00 6.700006566305984901e-01
8.746867167919798902e+00 1.256019240537289638e+00
8.796992481203005809e+00 -2.146608111026081234e-01
8.847117794486216269e+00 5.952628270853673742e-01
8.897243107769423176e+00 2.413501240421040694e-01
8.947368421052630083e+00 1.235626909836509579e+00
8.997493734335836990e+00 -2.719248570069998650e-01
9.047619047619047450e+00 -2.957022551849645131e-01
9.097744360902254357e+00 -1.831844858948110943e-01
9.147869674185461264e+00 -9.526805489326383158e-01
9.197994987468671724e+00 -1.604686150862054961e-01
9.248120300751878631e+00 -2.836456381805844140e-01
9.298245614035085538e+00 1.649840320164517871e-01
9.348370927318295998e+00 2.548710012090084076e-01
9.398496240601502905e+00 1.016608873839055738e+00
9.448621553884709812e+00 5.485758905455819789e-01
9.498746867167920271e+00 -2.199513699939308897e-01
9.548872180451127178e+00 -3.852881374292692063e-01
9.598997493734334086e+00 3.055664626026813879e-01
9.649122807017540993e+00 -6.045660207617176152e-01
9.699248120300751452e+00 9.674671968961879864e-01
9.749373433583958359e+00 6.378765403207572460e-01
9.799498746867165266e+00 -1.897929233811886385e-01
9.849624060150375726e+00 -8.149254482411805167e-01
9.899749373433582633e+00 7.156225529187536516e-01
9.949874686716789540e+00 -2.135181822691457898e-02
1.000000000000000000e+01 6.522351456014577886e-01
