0.000000000000000000e+00 1.749454741305179473e-01
2.002002002002001985e-02 1.312459700109176383e-02
4.004004004004003969e-02 3.495355936829516730e-02
6.006006006006005954e-02 -1.403509724850630358e-01
8.008008008008007939e-02 1.655623748926591254e-01
1.001001001001000923e-01 1.756235370194272893e-01
1.201201201201201191e-01 1.948524964381235791e-01
1.401401401401401459e-01 3.206648052826859274e-01
1.601601601601601588e-01 3.714669403247521373e-01
1.801801801801801717e-01 2.626155327332102551e-01
2.002002002002001846e-01 3.198914678547425949e-01
2.202202202202202252e-01 3.997570172596858207e-01
2.402402402402402382e-01 5.545392895250944587e-01
2.602602602602602788e-01 5.793079787383981216e-01
2.802802802802802917e-01 4.295807608693226198e-01
3.003003003003003046e-01 4.844171771374806146e-01
3.203203203203203175e-01 7.055138892817239826e-01
3.403403403403403304e-01 8.239505617694232731e-01
3.603603603603603434e-01 6.971845605209283647e-01
3.803803803803803563e-01 6.648577985987408345e-01
4.004004004004003692e-01 8.747401404158052785e-01
4.204204204204204376e-01 7.652187057930432967e-01
4.404404404404404505e-01 8.987368422003294555e-01
4.604604604604604634e-01 1.010003089800798115e+00
4.804804804804804763e-01 9.459517737170275442e-01
5.005005005005005447e-01 9.170205871410330722e-01
5.205205205205205576e-01 1.008473121808323159e+00
5.405405405405405705e-01 8.953797065980839687e-01
5.605605605605605835e-01 9.650066947459966515e-01
5.805805805805805964e-01 9.473595268274513925e-01
6.006006006006006093e-01 1.004991088136499622e+00
6.206206206206206222e-01 9.961636771661052103e-01
6.406406406406406351e-01 1.044309252399378440e+00
6.606606606606606480e-01 1.041575737176694272e+00
6.806806806806806609e-01 1.103920594393015042e+00
7.007007007007006738e-01 1.115418089518767530e+00
7.207207207207206867e-01 1.151334093901258404e+00
7.407407407407406996e-01 1.273233013108741485e+00
7.607607607607607125e-01 9.881238939613454786e-01
7.807807807807807254e-01 1.280815660086687346e+00
8.008008008008007383e-01 1.134555487623623238e+00
8.208208208208208623e-01 1.040651417774325793e+00
8.408408408408408752e-01 1.150826063217176065e+00
8.608608608608608881e-01 1.180010120741566748e+00
8.808808808808809010e-01 1.278918387920059185e+00
9.009009009009009139e-01 1.065917170611873743e+00
9.209209209209209268e-01 1.192321141677120444e+00
9.409409409409409397e-01 1.179469438004647319e+00
9.609609609609609526e-01 9.949828551662355247e-01
9.809809809809809655e-01 1.039141979908265290e+00
1.001001001001001089e+00 1.210682158063066449e+00
1.021021021021021102e+00 1.211829756637856415e+00
1.041041041041041115e+00 1.241309473795202623e+00
1.061061061061061128e+00 1.174869761590631834e+00
1.081081081081081141e+00 1.148663275659300487e+00
1.101101101101101154e+00 1.107811873834293692e+00
1.121121121121121167e+00 1.201571984326904152e+00
1.141141141141141180e+00 9.802724270859725086e-01
1.161161161161161193e+00 1.033116015616873273e+00
1.181181181181181206e+00 1.067406540787769753e+00
1.201201201201201219e+00 8.515588159553948433e-01
1.221221221221221231e+00 1.119744654154170682e+00
1.241241241241241244e+00 8.876458723391310590e-01
1.261261261261261257e+00 9.370161800126993734e-01
1.281281281281281270e+00 1.136132059642548375e+00
1.301301301301301283e+00 8.128486208769558630e-01
1.321321321321321296e+00 8.172779377630180475e-01
1.341341341341341309e+00 9.999454904031994662e-01
1.361361361361361322e+00 7.084962543841230032e-01
1.381381381381381335e+00 7.452754423556409158e-01
1.401401401401401348e+00 8.113258463025871947e-01
1.421421421421421361e+00 7.758102959979412683e-01
1.441441441441441373e+00 7.595581568304266007e-01
1.461461461461461386e+00 7.065721900237371678e-01
1.481481481481481399e+00 7.728542468068405613e-01
1.501501501501501412e+00 7.082185345456906145e-01
1.521521521521521425e+00 6.340238705958787246e-01
1.541541541541541438e+00 4.737028426357489663e-01
1.561561561561561451e+00 4.377812608396078886e-01
1.581581581581581464e+00 2.851822899348486207e-01
1.601601601601601477e+00 5.113890795572190173e-01
1.621621621621621712e+00 2.268292904474667748e-01
1.641641641641641725e+00 4.633932776523248531e-01
1.661661661661661737e+00 5.264028918513996569e-01
1.681681681681681750e+00 2.018720378743736887e-01
1.701701701701701763e+00 2.059003798733977375e-01
1.721721721721721776e+00 1.931327325254401095e-01
1.741741741741741789e+00 2.903380593794564479e-01
1.761761761761761802e+00 8.772542957098561356e-02
1.781781781781781815e+00 1.280140689034927615e-01
1.801801801801801828e+00 5.607353571366088113e-02
1.821821821821821841e+00 5.092748165667459331e-02
1.841841841841841854e+00 1.732660457263273390e-01
1.861861861861861867e+00 -8.373684259029536003e-02
1.881881881881881879e+00 -1.108314895583552284e-02
1.901901901901901892e+00 -2.147934406630577775e-02
1.921921921921921905e+00 7.456778804394756377e-03
1.941941941941941918e+00 -2.339282982003504097e-01
1.961961961961961931e+00 -2.443876785802547025e-02
1.981981981981981944e+00 -1.201006910704379427e-01
2.002002002002002179e+00 -1.030063580209690938e-01
2.022022022022022192e+00 -2.092823804129547161e-01
2.042042042042042205e+00 -4.054826773191609890e-01
2.062062062062062218e+00 -3.305121865294948780e-01
2.082082082082082231e+00 -2.072436941029208168e-01
2.102102102102102243e+00 -3.075754302813948349e-01
2.122122122122122256e+00 -3.373175818173158591e-01
2.142142142142142269e+00 -1.734089295575510781e-01
2.162162162162162282e+00 -1.513790665540957481e-01
2.182182182182182295e+00 -3.931292349689893273e-01
2.202202202202202308e+00 -2.128139070421710410e-01
2.222222222222222321e+00 -6.209381124725699141e-01
2.242242242242242334e+00 -6.407300606072483529e-01
2.262262262262262347e+00 -3.621030722615404263e-01
2.282282282282282360e+00 -4.867056526600425648e-01
2.302302302302302373e+00 -4.130077182903124089e-01
2.322322322322322385e+00 -4.283187023616657485e-01
2.342342342342342398e+00 -4.966386303205148622e-01
2.362362362362362411e+00 -4.258481340378786340e-01
2.382382382382382424e+00 -4.839754950879157080e-01
2.402402402402402437e+00 -6.558594895464929797e-01
2.422422422422422450e+00 -4.829560474289813499e-01
2.442442442442442463e+00 -4.870655435566997316e-01
2.462462462462462476e+00 -3.217276504218860578e-01
2.482482482482482489e+00 -6.158478414638861587e-01
2.502502502502502502e+00 -4.977886858911071966e-01
2.522522522522522515e+00 -5.370373441947499105e-01
2.542542542542542527e+00 -5.015689215596409456e-01
2.562562562562562540e+00 -3.146216148582144934e-01
2.582582582582582553e+00 -4.335281420007647823e-01
2.602602602602602566e+00 -5.072922664813990234e-01
2.622622622622622579e+00 -4.334976317279919389e-01
2.642642642642642592e+00 -3.589257562472377150e-01
2.662662662662662605e+00 -5.202319091676907981e-01
2.682682682682682618e+00 -4.311932018683561907e-01
2.702702702702702631e+00 -2.331275647218880587e-01
2.722722722722722644e+00 -2.830015780594787866e-01
2.742742742742742657e+00 -3.530650890913206164e-01
2.762762762762762669e+00 -3.750243661618369306e-01
2.782782782782782682e+00 -3.201198238264331142e-01
2.802802802802802695e+00 -4.360326828575844527e-01
2.822822822822822708e+00 -1.616344124331616228e-01
2.842842842842842721e+00 -1.956676262548015521e-01
2.862862862862862734e+00 -1.886638345752352786e-01
2.882882882882882747e+00 -3.038379904286012123e-01
2.902902902902902760e+00 -2.161276625950367958e-01
2.922922922922922773e+00 -6.268651444174930254e-02
2.942942942942942786e+00 -5.687099264494034634e-02
2.962962962962962798e+00 -9.986806482307519772e-02
2.982982982982982811e+00 3.367005400594811487e-02
3.003003003003002824e+00 1.112825159163879918e-01
3.023023023023022837e+00 -1.503106921638157345e-02
3.043043043043042850e+00 3.523807261670427321e-02
3.063063063063062863e+00 3.793147444786221234e-02
3.083083083083082876e+00 4.667944769006829309e-02
3.103103103103102889e+00 2.798082920442705457e-01
3.123123123123122902e+00 2.896778678128587581e-01
3.143143143143142915e+00 3.116299714261113185e-01
3.163163163163162928e+00 2.001296906035200940e-01
3.183183183183182940e+00 2.527769878704277384e-01
3.203203203203202953e+00 3.910365988344416399e-01
3.223223223223223410e+00 3.972579578972861292e-01
3.243243243243243423e+00 4.916561082879214450e-01
3.263263263263263436e+00 4.510601951895063522e-01
3.283283283283283449e+00 6.278569085390870441e-01
3.303303303303303462e+00 7.840336188911165571e-01
3.323323323323323475e+00 8.004579693915291339e-01
3.343343343343343488e+00 8.485233719473513903e-01
3.363363363363363501e+00 7.363496998834161422e-01
3.383383383383383514e+00 8.630364361432457665e-01
3.403403403403403527e+00 7.746929852611675882e-01
3.423423423423423539e+00 9.456837593205497106e-01
3.443443443443443552e+00 8.569121446727671065e-01
3.463463463463463565e+00 8.866323345537500122e-01
3.483483483483483578e+00 9.115201982929301838e-01
3.503503503503503591e+00 1.085905722963326880e+00
3.523523523523523604e+00 1.083115421307045301e+00
3.543543543543543617e+00 1.113290801772089500e+00
3.563563563563563630e+00 1.019211660758019722e+00
3.583583583583583643e+00 1.185307952214786908e+00
3.603603603603603656e+00 1.064343729177639419e+00
3.623623623623623669e+00 1.392660719127367663e+00
3.643643643643643681e+00 1.267707026751068389e+00
3.663663663663663694e+00 1.335372050111411690e+00
3.683683683683683707e+00 1.339650545684252014e+00
3.703703703703703720e+00 1.225132092515751836e+00
3.723723723723723733e+00 1.278798595528224169e+00
3.743743743743743746e+00 1.444635977276630845e+00
3.763763763763763759e+00 1.627211901457295440e+00
3.783783783783783772e+00 1.395905340400096284e+00
3.803803803803803785e+00 1.465283087053794286e+00
3.823823823823823798e+00 1.558393045988142100e+00
3.843843843843843811e+00 1.420543283129961809e+00
3.863863863863863823e+00 1.444523858557100748e+00
3.883883883883883836e+00 1.596901210490266010e+00
3.903903903903903849e+00 1.656081262288477740e+00
3.923923923923923862e+00 1.642800847460428537e+00
3.943943943943943875e+00 1.855372350953551575e+00
3.963963963963963888e+00 1.704262525356956326e+00
3.983983983983983901e+00 1.774128967641765087e+00
4.004004004004004358e+00 1.913967463261430968e+00
4.024024024024024371e+00 1.939247333934670525e+00
4.044044044044044384e+00 1.623263100152359417e+00
4.064064064064064397e+00 1.756444341875841308e+00
4.084084084084084409e+00 1.920976094716692062e+00
4.104104104104104422e+00 1.675989539227461966e+00
4.124124124124124435e+00 1.729211697000250902e+00
4.144144144144144448e+00 1.698176456045758842e+00
4.164164164164164461e+00 1.696628284516148222e+00
4.184184184184184474e+00 1.722873197659076983e+00
4.204204204204204487e+00 1.856022912619989418e+00
4.224224224224224500e+00 1.965857753882638503e+00
4.244244244244244513e+00 1.990978526198354359e+00
4.264264264264264526e+00 1.837167368991747374e+00
4.284284284284284539e+00 1.635323840674103302e+00
4.304304304304304551e+00 1.821731179896722619e+00
4.324324324324324564e+00 1.787111358099050307e+00
4.344344344344344577e+00 1.848539386497671355e+00
4.364364364364364590e+00 1.791396851108562283e+00
4.384384384384384603e+00 1.614231569101997721e+00
4.404404404404404616e+00 1.823470271027602729e+00
4.424424424424424629e+00 1.562374124219640503e+00
4.444444444444444642e+00 1.685903171246327270e+00
4.464464464464464655e+00 1.770612854586558260e+00
4.484484484484484668e+00 1.757792534549792229e+00
4.504504504504504681e+00 1.862032831863810189e+00
4.524524524524524693e+00 1.449654013236032934e+00
4.544544544544544706e+00 1.699779081813289849e+00
4.564564564564564719e+00 1.713526273562905100e+00
4.584584584584584732e+00 1.589632570394909683e+00
4.604604604604604745e+00 1.662918409173022694e+00
4.624624624624624758e+00 1.464710984886410605e+00
4.644644644644644771e+00 1.615483681785990333e+00
4.664664664664664784e+00 1.577588492623489325e+00
4.684684684684684797e+00 1.398748757702079182e+00
4.704704704704704810e+00 1.402595148368619871e+00
4.724724724724724823e+00 1.421871870049420172e+00
4.744744744744744835e+00 1.346134736577113244e+00
4.764764764764764848e+00 1.486413015232279422e+00
4.784784784784784861e+00 1.369109206298514625e+00
4.804804804804804874e+00 1.452123023730756302e+00
4.824824824824824887e+00 1.406719717133662062e+00
4.844844844844844900e+00 1.263362860419274813e+00
4.864864864864864913e+00 1.205640576453142154e+00
4.884884884884884926e+00 1.097599552211572460e+00
4.904904904904904939e+00 1.078811589693568163e+00
4.924924924924924952e+00 1.045907205097567960e+00
4.944944944944944965e+00 1.127364206614303699e+00
4.964964964964964977e+00 9.706179050769860872e-01
4.984984984984984990e+00 1.033161683254603336e+00
5.005005005005005003e+00 1.010825841598467445e+00
5.025025025025025016e+00 9.082280046609095825e-01
5.045045045045045029e+00 9.055806300937391251e-01
5.065065065065065042e+00 1.035212479471567359e+00
5.085085085085085055e+00 1.018520241247612201e+00
5.105105105105105068e+00 7.459327770942137947e-01
5.125125125125125081e+00 7.718889846461369775e-01
5.145145145145145094e+00 7.216241033983094022e-01
5.165165165165165106e+00 6.991323588977255143e-01
5.185185185185185119e+00 8.485306772995947489e-01
5.205205205205205132e+00 7.324572405766702765e-01
5.225225225225225145e+00 7.591353683914278117e-01
5.245245245245245158e+00 7.807502721722185957e-01
5.265265265265265171e+00 5.295845407502168811e-01
5.285285285285285184e+00 5.261314020881538989e-01
5.305305305305305197e+00 5.208583546937055608e-01
5.325325325325325210e+00 5.921618603997260699e-01
5.345345345345345223e+00 4.540184120917996613e-01
5.365365365365365236e+00 5.021196198186561599e-01
5.385385385385385248e+00 5.296995799695480844e-01
5.405405405405405261e+00 5.054652442047972150e-01
5.425425425425425274e+00 4.110688493577150937e-01
5.445445445445445287e+00 2.658115004145087390e-01
5.465465465465465300e+00 1.686148767053030628e-01
5.485485485485485313e+00 4.166255144911907293e-01
5.505505505505505326e+00 3.316879533349403886e-01
5.525525525525525339e+00 1.750067079561368755e-01
5.545545545545545352e+00 2.021638954184730996e-01
5.565565565565565365e+00 1.929281625438433179e-01
5.585585585585585378e+00 5.669635884683787985e-02
5.605605605605605390e+00 2.370003526816093498e-01
5.625625625625625403e+00 1.220910316535128159e-01
5.645645645645645416e+00 1.616196289091841876e-01
5.665665665665665429e+00 2.566314463962240389e-01
5.685685685685685442e+00 1.660522363609971408e-01
5.705705705705705455e+00 2.242447084057167250e-01
5.725725725725725468e+00 2.078843696359732596e-01
5.745745745745745481e+00 1.659139251510420021e-01
5.765765765765765494e+00 1.661358155162467043e-01
5.785785785785785507e+00 3.473321267431152548e-01
5.805805805805805520e+00 1.454394608230359376e-01
5.825825825825825532e+00 3.280324978470066100e-01
5.845845845845845545e+00 7.804722458532604989e-02
5.865865865865865558e+00 2.479928703518138322e-01
5.885885885885885571e+00 1.991700744762386899e-01
5.905905905905905584e+00 1.175977389586946309e-01
5.925925925925925597e+00 -6.436902038324954223e-02
5.945945945945945610e+00 3.711264217159907508e-01
5.965965965965965623e+00 1.087620051861589859e-01
5.985985985985985636e+00 1.420050973814489526e-01
6.006006006006005649e+00 2.666669557103268917e-01
6.026026026026025662e+00 2.761604628679225626e-01
6.046046046046045674e+00 3.163997575973387377e-01
6.066066066066065687e+00 2.824968994019943502e-01
6.086086086086085700e+00 1.786167677497565998e-01
6.106106106106105713e+00 4.372185831527076738e-01
6.126126126126125726e+00 2.832274093268175030e-01
6.146146146146145739e+00 4.204163455153205886e-01
6.166166166166165752e+00 4.811061831734304572e-01
6.186186186186185765e+00 5.686120646142338586e-01
6.206206206206205778e+00 4.564470658122622981e-01
6.226226226226225791e+00 2.476627807688212890e+00
6.246246246246245803e+00 5.138257719592735917e-01
6.266266266266265816e+00 3.832976438307660327e-01
6.286286286286285829e+00 5.246492361901808898e-01
6.306306306306305842e+00 5.326028600463673657e-01
6.326326326326325855e+00 5.518598745778645620e-01
6.346346346346345868e+00 7.182725222283660171e-01
6.366366366366365881e+00 7.058198045801279408e-01
6.386386386386385894e+00 9.328242254536549538e-01
6.406406406406405907e+00 9.590404603659463678e-01
6.426426426426426808e+00 6.595173914648571056e-01
6.446446446446446821e+00 8.982608884225642409e-01
6.466466466466466834e+00 8.247014503328409241e-01
6.486486486486486847e+00 1.019776556014808877e+00
6.506506506506506859e+00 1.019783440107052019e+00
6.526526526526526872e+00 1.137260478421123766e+00
6.546546546546546885e+00 1.115901181992926539e+00
6.566566566566566898e+00 1.201867308578355331e+00
6.586586586586586911e+00 1.137085435299084235e+00
6.606606606606606924e+00 9.575431221022729922e-01
6.626626626626626937e+00 1.131414977514239695e+00
6.646646646646646950e+00 1.206108230187361574e+00
6.666666666666666963e+00 1.284318378072488276e+00
6.686686686686686976e+00 1.273848985369142595e+00
6.706706706706706989e+00 1.580061542549373144e+00
6.726726726726727001e+00 1.441498574500668095e+00
6.746746746746747014e+00 1.629329257644170248e+00
6.766766766766767027e+00 1.507092687291770927e+00
6.786786786786787040e+00 1.747275676974009651e+00
6.806806806806807053e+00 1.502430197494592612e+00
6.826826826826827066e+00 1.722661266009818393e+00
6.846846846846847079e+00 1.569512744482413069e+00
6.866866866866867092e+00 1.786054535088486217e+00
6.886886886886887105e+00 1.939334144696419404e+00
6.906906906906907118e+00 1.655504933788466193e+00
6.926926926926927131e+00 1.769324334655985931e+00
6.946946946946947143e+00 1.917993423745735448e+00
6.966966966966967156e+00 1.911105248991202599e+00
6.986986986986987169e+00 1.828259083417047792e+00
7.007007007007007182e+00 2.115489384104163317e+00
7.027027027027027195e+00 2.038856895717785278e+00
7.047047047047047208e+00 2.195890873537991617e+00
7.067067067067067221e+00 4.130372729525016773e+00
7.087087087087087234e+00 2.014169872390538796e+00
7.107107107107107247e+00 2.111370759388859319e+00
7.127127127127127260e+00 2.326639132161159917e+00
7.147147147147147273e+00 2.077691299394153202e+00
7.167167167167167285e+00 2.196424880745690533e+00
7.187187187187187298e+00 2.328641792100170527e+00
7.207207207207207311e+00 2.394473225908357428e+00
7.227227227227227324e+00 2.398885454554409158e+00
7.247247247247247337e+00 2.190668047756027192e+00
7.267267267267267350e+00 2.567399725016231926e+00
7.287287287287287363e+00 2.361679768380680500e+00
7.307307307307307376e+00 2.397443683497963995e+00
7.327327327327327389e+00 2.412661804276492905e+00
7.347347347347347402e+00 2.405161079832841331e+00
7.367367367367367414e+00 2.345674442019744177e+00
7.387387387387387427e+00 2.422336688476462996e+00
7.407407407407407440e+00 2.598523410399439015e+00
7.427427427427427453e+00 2.339928933980646608e+00
7.447447447447447466e+00 2.241361724266295319e+00
7.467467467467467479e+00 2.545111154255279562e+00
7.487487487487487492e+00 2.530985293431601946e+00
7.507507507507507505e+00 2.574187693663580578e+00
7.527527527527527518e+00 2.676878671699405743e+00
7.547547547547547531e+00 2.432966780068919199e+00
7.567567567567567544e+00 2.523130167202975560e+00
7.587587587587587556e+00 2.554176587361633555e+00
7.607607607607607569e+00 2.624183238921704575e+00
7.627627627627627582e+00 2.599319569847139189e+00
7.647647647647647595e+00 2.406749969076428908e+00
7.667667667667667608e+00 4.346254915190413293e+00
7.687687687687687621e+00 2.448338364422482982e+00
7.707707707707707634e+00 2.304584797298598886e+00
7.727727727727727647e+00 2.565775434981851344e+00
7.747747747747747660e+00 2.402996457476091585e+00
7.767767767767767673e+00 2.393247256759142516e+00
7.787787787787787686e+00 2.324995643801817558e+00
7.807807807807807698e+00 2.550266672630737474e+00
7.827827827827827711e+00 2.409424137417585321e+00
7.847847847847847724e+00 2.320970568692274139e+00
7.867867867867867737e+00 2.403784840292157998e+00
7.887887887887887750e+00 2.313436034217916770e+00
7.907907907907907763e+00 2.359615493811895170e+00
7.927927927927927776e+00 2.409405590810056896e+00
7.947947947947947789e+00 2.227309524192669254e+00
7.967967967967967802e+00 2.280339296463865573e+00
7.987987987987987815e+00 2.251337036799498037e+00
8.008008008008008716e+00 2.290527352944498052e+00
8.028028028028028729e+00 2.209283351096854808e+00
8.048048048048048742e+00 2.125042963643041904e+00
8.068068068068068754e+00 2.028762020039250658e+00
8.088088088088088767e+00 2.093070898255325663e+00
8.108108108108108780e+00 1.928884824044909907e+00
8.128128128128128793e+00 2.068301195569999695e+00
8.148148148148148806e+00 1.977586900493814914e+00
8.168168168168168819e+00 1.994847154705898573e+00
8.188188188188188832e+00 1.855844431083827129e+00
8.208208208208208845e+00 1.795127630653379214e+00
8.228228228228228858e+00 1.751118931819677593e+00
8.248248248248248871e+00 1.920014122096756592e+00
8.268268268268268884e+00 1.754083525529706922e+00
8.288288288288288896e+00 1.719430431746253873e+00
8.308308308308308909e+00 1.529849109543274022e+00
8.328328328328328922e+00 1.669387586011359836e+00
8.348348348348348935e+00 1.295342534348599361e+00
8.368368368368368948e+00 1.743900435803323434e+00
8.388388388388388961e+00 1.549913462427229938e+00
8.408408408408408974e+00 1.542732446198671781e+00
8.428428428428428987e+00 1.364528687030161169e+00
8.448448448448449000e+00 1.364816906813253850e+00
8.468468468468469013e+00 1.502180562924538609e+00
8.488488488488489025e+00 1.388534679429874519e+00
8.508508508508509038e+00 1.420395347844829681e+00
8.528528528528529051e+00 1.473099988290581752e+00
8.548548548548549064e+00 1.381397997114088616e+00
8.568568568568569077e+00 1.094799178206264045e+00
8.588588588588589090e+00 1.156474195223339940e+00
8.608608608608609103e+00 1.112239831538238910e+00
8.628628628628629116e+00 1.106411096270915717e+00
8.648648648648649129e+00 9.617317100760641724e-01
8.668668668668669142e+00 9.377268618619731821e-01
8.688688688688689155e+00 1.042506614971149936e+00
8.708708708708709167e+00 1.031955932082740723e+00
8.728728728728729180e+00 1.119184140135985217e+00
8.748748748748749193e+00 1.011836822481527731e+00
8.768768768768769206e+00 1.164222439007026821e+00
8.788788788788789219e+00 8.181954746777444498e-01
8.808808808808809232e+00 8.415996458629122490e-01
8.828828828828829245e+00 9.866997876354559605e-01
8.848848848848849258e+00 9.165038965841861840e-01
8.868868868868869271e+00 8.282461249113850510e-01
8.888888888888889284e+00 9.885379989512599330e-01
8.908908908908909297e+00 1.006196673263515473e+00
8.928928928928929309e+00 1.015395858114050975e+00
8.948948948948949322e+00 8.327491163588738310e-01
8.968968968968969335e+00 8.615112504053590303e-01
8.988988988988989348e+00 8.759295308456134244e-01
9.009009009009009361e+00 8.511608890010778916e-01
9.029029029029029374e+00 9.410989626997445789e-01
9.049049049049049387e+00 7.849662388133322732e-01
9.069069069069069400e+00 8.674852311406167082e-01
9.089089089089089413e+00 6.072191890321991803e-01
9.109109109109109426e+00 9.029914250663836350e-01
9.129129129129129439e+00 9.920719704370175585e-01
9.149149149149149451e+00 8.274971848437635558e-01
9.169169169169169464e+00 9.373475897955765301e-01
9.189189189189189477e+00 6.723231507321587586e-01
9.209209209209209490e+00 8.115328566394436338e-01
9.229229229229229503e+00 6.983857117261378367e-01
9.249249249249249516e+00 8.936396725754998105e-01
9.269269269269269529e+00 9.245770542224058808e-01
9.289289289289289542e+00 7.471809983461182858e-01
9.309309309309309555e+00 8.129298639121125269e-01
9.329329329329329568e+00 8.537799031929557136e-01
9.349349349349349581e+00 1.170660492976236311e+00
9.369369369369369593e+00 9.384969219616818847e-01
9.389389389389389606e+00 9.765861145932308585e-01
9.409409409409409619e+00 1.020665289496978323e+00
9.429429429429429632e+00 1.035680999368763011e+00
9.449449449449449645e+00 1.004559245597180572e+00
9.469469469469469658e+00 9.191387321623809559e-01
9.489489489489489671e+00 1.009298057695388273e+00
9.509509509509509684e+00 1.266849591148648146e+00
9.529529529529529697e+00 1.156317296419304252e+00
9.549549549549549710e+00 1.121859526537921425e+00
9.569569569569569722e+00 1.053244814932398077e+00
9.589589589589589735e+00 1.213458015476851504e+00
9.609609609609609748e+00 1.253705800477825649e+00
9.629629629629629761e+00 1.217722620981603887e+00
9.649649649649649774e+00 1.405543741696998472e+00
9.669669669669669787e+00 1.291708339710333053e+00
9.689689689689689800e+00 1.368824258359180757e+00
9.709709709709709813e+00 1.505793483619671802e+00
9.729729729729729826e+00 1.480543555564215685e+00
9.749749749749749839e+00 1.607695357568864170e+00
9.769769769769769852e+00 1.510421121642689712e+00
9.789789789789789864e+00 1.528640665276369104e+00
9.809809809809809877e+00 1.657788256970265550e+00
9.829829829829829890e+00 1.672036924922386092e+00
9.849849849849849903e+00 1.809180002565917045e+00
9.869869869869869916e+00 1.771665820190853280e+00
9.889889889889889929e+00 1.769213551233495663e+00
9.909909909909909942e+00 1.857868540394094437e+00
9.929929929929929955e+00 1.919763056279764957e+00
9.949949949949949968e+00 1.783653850339717017e+00
9.969969969969969981e+00 1.923076037272469563e+00
9.989989989989989994e+00 1.945673455530724461e+00
1.001001001001001001e+01 2.140886380418169921e+00
1.003003003003003002e+01 2.014067604670625400e+00
1.005005005005005003e+01 2.210567233729691772e+00
1.007007007007007005e+01 2.019209756708981285e+00
1.009009009009009006e+01 2.181466978321709771e+00
1.011011011011011007e+01 2.334804265060193007e+00
1.013013013013013008e+01 2.242781613290506293e+00
1.015015015015015010e+01 2.424548724117624676e+00
1.017017017017017011e+01 2.146594332953776885e+00
1.019019019019019012e+01 2.391625726373808103e+00
1.021021021021021014e+01 2.444119990548951904e+00
1.023023023023023015e+01 2.453975041671270674e+00
1.025025025025025016e+01 2.353622001332315694e+00
1.027027027027027017e+01 2.608362219542282201e+00
1.029029029029029019e+01 2.345311597475178367e+00
1.031031031031031020e+01 2.709046676282231392e+00
1.033033033033033021e+01 2.678436283964338305e+00
1.035035035035035023e+01 2.782211755482827176e+00
1.037037037037037024e+01 2.691473585430546933e+00
1.039039039039039025e+01 2.638213023019901904e+00
1.041041041041041026e+01 2.729211249370779857e+00
1.043043043043043028e+01 2.764916325771373806e+00
1.045045045045045029e+01 2.900633302948588899e+00
1.047047047047047030e+01 2.838051098909065928e+00
1.049049049049049032e+01 2.937982067901205419e+00
1.051051051051051033e+01 2.971121258848486768e+00
1.053053053053053034e+01 3.089844533075892574e+00
1.055055055055055035e+01 2.772839815408236319e+00
1.057057057057057037e+01 2.953874684479217638e+00
1.059059059059059038e+01 3.084499067310057629e+00
1.061061061061061039e+01 3.104837543116124809e+00
1.063063063063063041e+01 2.998728968652291105e+00
1.065065065065065042e+01 3.045845337331662517e+00
1.067067067067067043e+01 3.079107629672630519e+00
1.069069069069069045e+01 5.116393604216983526e+00
1.071071071071071046e+01 3.060451314042792692e+00
1.073073073073073047e+01 3.064533236959621210e+00
1.075075075075075048e+01 3.027667466680872721e+00
1.077077077077077050e+01 3.110687238288758039e+00
1.079079079079079051e+01 3.295133375031000789e+00
1.081081081081081052e+01 3.068073729745716349e+00
1.083083083083083054e+01 3.264130042740747140e+00
1.085085085085085055e+01 3.365298950261099709e+00
1.087087087087087056e+01 3.194031721381106692e+00
1.089089089089089057e+01 3.410264508031365160e+00
1.091091091091091059e+01 3.159881201756407076e+00
1.093093093093093060e+01 3.338518156985179175e+00
1.095095095095095061e+01 3.163775035061078267e+00
1.097097097097097063e+01 3.042512051749411750e+00
1.099099099099099064e+01 3.192132021607306580e+00
1.101101101101101065e+01 3.338342729246141616e+00
1.103103103103103066e+01 3.082118505562788879e+00
1.105105105105105068e+01 3.178663718812845929e+00
1.107107107107107069e+01 3.019546640750658373e+00
1.109109109109109070e+01 3.017822231657643073e+00
1.111111111111111072e+01 3.137581510979462696e+00
1.113113113113113073e+01 3.058275758873000960e+00
1.115115115115115074e+01 3.116618225347860704e+00
1.117117117117117076e+01 3.169595405961094681e+00
1.119119119119119077e+01 2.905632527678092991e+00
1.121121121121121078e+01 2.934788500653897181e+00
1.123123123123123079e+01 2.986876082573654223e+00
1.125125125125125081e+01 3.191891626163123163e+00
1.127127127127127082e+01 2.904809348229177690e+00
1.129129129129129083e+01 2.864982646277547840e+00
1.131131131131131085e+01 2.932009234770236450e+00
1.133133133133133086e+01 3.073188557401070220e+00
1.135135135135135087e+01 2.777745705645269236e+00
1.137137137137137088e+01 2.777894513937698040e+00
1.139139139139139090e+01 2.784434111256664401e+00
1.141141141141141091e+01 2.826925448254910656e+00
1.143143143143143092e+01 2.939851537769996970e+00
1.145145145145145094e+01 2.566948747419449006e+00
1.147147147147147095e+01 2.494622733843673945e+00
1.149149149149149096e+01 2.645254559864910426e+00
1.151151151151151097e+01 2.651332015219360017e+00
1.153153153153153099e+01 2.342701779490600877e+00
1.155155155155155100e+01 2.471930209883542506e+00
1.157157157157157101e+01 2.596466704496462441e+00
1.159159159159159103e+01 2.414800738667509439e+00
1.161161161161161104e+01 2.482524305919259433e+00
1.163163163163163105e+01 2.418143040242484609e+00
1.165165165165165106e+01 2.432284643575769678e+00
1.167167167167167108e+01 2.376995361429973030e+00
1.169169169169169109e+01 2.326171777161545773e+00
1.171171171171171110e+01 2.391154513320419284e+00
1.173173173173173112e+01 2.177104152745253707e+00
1.175175175175175113e+01 2.212378447019607286e+00
1.177177177177177114e+01 2.279938185683665797e+00
1.179179179179179116e+01 2.078340092277735529e+00
1.181181181181181117e+01 2.064896371276790710e+00
1.183183183183183118e+01 1.994700225959367579e+00
1.185185185185185119e+01 1.944499496018285534e+00
1.187187187187187121e+01 2.209542839539427650e+00
1.189189189189189122e+01 2.023768498271591998e+00
1.191191191191191123e+01 2.134389532984172444e+00
1.193193193193193125e+01 1.990591375757329473e+00
1.195195195195195126e+01 1.896378965612134815e+00
1.197197197197197127e+01 1.832549981279154361e+00
1.199199199199199128e+01 1.859873730230602096e+00
1.201201201201201130e+01 1.802620586141311154e+00
1.203203203203203131e+01 1.872606765865677314e+00
1.205205205205205132e+01 1.669616010478019108e+00
1.207207207207207134e+01 1.749914110575523818e+00
1.209209209209209135e+01 1.756570037432189757e+00
1.211211211211211136e+01 1.665543303648804097e+00
1.213213213213213137e+01 1.644719737576608942e+00
1.215215215215215139e+01 1.703329832879414196e+00
1.217217217217217140e+01 1.685881814480633567e+00
1.219219219219219141e+01 1.602315307028216340e+00
1.221221221221221143e+01 1.595152209903067053e+00
1.223223223223223144e+01 1.526003415319670431e+00
1.225225225225225145e+01 1.623485049707032779e+00
1.227227227227227146e+01 1.543464581437404393e+00
1.229229229229229148e+01 1.387756550273721468e+00
1.231231231231231149e+01 1.503301663809407662e+00
1.233233233233233150e+01 1.587142312298321478e+00
1.235235235235235152e+01 1.546640460977357190e+00
1.237237237237237153e+01 1.423942646977243154e+00
1.239239239239239154e+01 1.581448141598707613e+00
1.241241241241241156e+01 1.565369530397515252e+00
1.243243243243243157e+01 1.564007828153452850e+00
1.245245245245245158e+01 1.655252748832395815e+00
1.247247247247247159e+01 1.470824458720431105e+00
1.249249249249249161e+01 1.566700109093068116e+00
1.251251251251251162e+01 1.484837634499870163e+00
1.253253253253253163e+01 1.614396338563143685e+00
1.255255255255255165e+01 1.638555391991275201e+00
1.257257257257257166e+01 1.579700344299669323e+00
1.259259259259259167e+01 1.614900359148746078e+00
1.261261261261261168e+01 1.470571923948396975e+00
1.263263263263263170e+01 1.626255221368791748e+00
1.265265265265265171e+01 1.459007709186848523e+00
1.267267267267267172e+01 1.808936914974877519e+00
1.269269269269269174e+01 1.724610386341845381e+00
1.271271271271271175e+01 1.474286917498777383e+00
1.273273273273273176e+01 1.380267781800703641e+00
1.275275275275275177e+01 1.796306993835775856e+00
1.277277277277277179e+01 1.602489243715532474e+00
1.279279279279279180e+01 1.765098892736166825e+00
1.281281281281281181e+01 1.605156426818318938e+00
1.283283283283283360e+01 1.767242372734511902e+00
1.285285285285285362e+01 1.722096536823914059e+00
1.287287287287287363e+01 1.874021370219132843e+00
1.289289289289289364e+01 1.809605721337545825e+00
1.291291291291291365e+01 2.021343201308646531e+00
1.293293293293293367e+01 1.827964495701277059e+00
1.295295295295295368e+01 2.063449612072332684e+00
1.297297297297297369e+01 1.966686370028065900e+00
1.299299299299299371e+01 2.054087732164224800e+00
1.301301301301301372e+01 1.877395669536226608e+00
1.303303303303303373e+01 1.896753917125255651e+00
1.305305305305305374e+01 2.213084697801966261e+00
1.307307307307307376e+01 2.022205906649336082e+00
1.309309309309309377e+01 2.148454169427276739e+00
1.311311311311311378e+01 2.188554651305361531e+00
1.313313313313313380e+01 2.169223423934086625e+00
1.315315315315315381e+01 2.318787296195751857e+00
1.317317317317317382e+01 4.197399245010428714e+00
1.319319319319319384e+01 2.259686166144855957e+00
1.321321321321321385e+01 2.511279579692379471e+00
1.323323323323323386e+01 2.379574185735097380e+00
1.325325325325325387e+01 2.575196771562767051e+00
1.327327327327327389e+01 2.608632166963626542e+00
1.329329329329329390e+01 2.735515859679781059e+00
1.331331331331331391e+01 2.670965878069070154e+00
1.333333333333333393e+01 2.484082569297151988e+00
1.335335335335335394e+01 2.643947735486698036e+00
1.337337337337337395e+01 2.709361826513184468e+00
1.339339339339339396e+01 2.914801198362130030e+00
1.341341341341341398e+01 2.867900943097069000e+00
1.343343343343343399e+01 2.825755960527643662e+00
1.345345345345345400e+01 2.958926023974289610e+00
1.347347347347347402e+01 2.920244361003811129e+00
1.349349349349349403e+01 3.050988704026527554e+00
1.351351351351351404e+01 3.051213005079537854e+00
1.353353353353353405e+01 3.186078461317805921e+00
1.355355355355355407e+01 3.147540271672826684e+00
1.357357357357357408e+01 3.251809272452625521e+00
1.359359359359359409e+01 3.188782612408971318e+00
1.361361361361361411e+01 3.298015401227370358e+00
1.363363363363363412e+01 3.247871139159594467e+00
1.365365365365365413e+01 3.362868434884028535e+00
1.367367367367367414e+01 3.355559796591622401e+00
1.369369369369369416e+01 3.354564755101384410e+00
1.371371371371371417e+01 3.357921261625827825e+00
1.373373373373373418e+01 3.404471759121435959e+00
1.375375375375375420e+01 3.510200223412299536e+00
1.377377377377377421e+01 3.263649808325463031e+00
1.379379379379379422e+01 3.645834360333155555e+00
1.381381381381381424e+01 3.312868507523600847e+00
1.383383383383383425e+01 3.557371587739151853e+00
1.385385385385385426e+01 3.568960636760304617e+00
1.387387387387387427e+01 3.700245307579719700e+00
1.389389389389389429e+01 3.673059901659054383e+00
1.391391391391391430e+01 3.667102904605651581e+00
1.393393393393393431e+01 3.700485663038532103e+00
1.395395395395395433e+01 3.806104593900674793e+00
1.397397397397397434e+01 3.963659028514816551e+00
1.399399399399399435e+01 3.784002657314157858e+00
1.401401401401401436e+01 3.555755859831711163e+00
1.403403403403403438e+01 3.733796785164241072e+00
1.405405405405405439e+01 3.830339393849683916e+00
1.407407407407407440e+01 4.131090802983618637e+00
1.409409409409409442e+01 3.732934505702428574e+00
1.411411411411411443e+01 3.780712588663325491e+00
1.413413413413413444e+01 3.880868707189935041e+00
1.415415415415415445e+01 3.862880672454117370e+00
1.417417417417417447e+01 3.702348419232190935e+00
1.419419419419419448e+01 3.932203792199912229e+00
1.421421421421421449e+01 3.707222253435907611e+00
1.423423423423423451e+01 3.812091393938992212e+00
1.425425425425425452e+01 3.969729107918672728e+00
1.427427427427427453e+01 3.702473756500187285e+00
1.429429429429429455e+01 3.795621670762911126e+00
1.431431431431431456e+01 3.991395559179749863e+00
1.433433433433433457e+01 3.791279562095047684e+00
1.435435435435435458e+01 3.704073357431775904e+00
1.437437437437437460e+01 3.740989226002654711e+00
1.439439439439439461e+01 3.871800806220879299e+00
1.441441441441441462e+01 3.618896831450288065e+00
1.443443443443443464e+01 3.698843755095013286e+00
1.445445445445445465e+01 3.601434151881475199e+00
1.447447447447447466e+01 3.615398018022674353e+00
1.449449449449449467e+01 3.842698656928372536e+00
1.451451451451451469e+01 3.687092275345561276e+00
1.453453453453453470e+01 3.631990529997611183e+00
1.455455455455455471e+01 3.697838196668138622e+00
1.457457457457457473e+01 3.562021434449953006e+00
1.459459459459459474e+01 3.490268816357257275e+00
1.461461461461461475e+01 3.701831522153011811e+00
1.463463463463463476e+01 3.650264888245026818e+00
1.465465465465465478e+01 3.452041014646711314e+00
1.467467467467467479e+01 3.580878583700262130e+00
1.469469469469469480e+01 3.629199123642092850e+00
1.471471471471471482e+01 3.504242967025548161e+00
1.473473473473473483e+01 3.476400219288851901e+00
1.475475475475475484e+01 3.272497948465841855e+00
1.477477477477477485e+01 3.353366833618751208e+00
1.479479479479479487e+01 3.148651909615490130e+00
1.481481481481481488e+01 3.416487364408332894e+00
1.483483483483483489e+01 3.255816960706749086e+00
1.485485485485485491e+01 3.373744582395645786e+00
1.487487487487487492e+01 3.130835553066488419e+00
1.489489489489489493e+01 3.263457365143832778e+00
1.491491491491491495e+01 2.983308505900819529e+00
1.493493493493493496e+01 3.068410128123846281e+00
1.495495495495495497e+01 3.130453178276142001e+00
1.497497497497497498e+01 3.077718733523263861e+00
1.499499499499499500e+01 3.002306262986719432e+00
1.501501501501501501e+01 2.808920914184163120e+00
1.503503503503503502e+01 3.073836595899282376e+00
1.505505505505505504e+01 2.973636023905968706e+00
1.507507507507507505e+01 2.988445562664771238e+00
1.509509509509509506e+01 2.953889859833316756e+00
1.511511511511511507e+01 2.769690133982659841e+00
1.513513513513513509e+01 2.814320740662916265e+00
1.515515515515515510e+01 3.009007198030469343e+00
1.517517517517517511e+01 2.626255674303858978e+00
1.519519519519519513e+01 2.720190978040950114e+00
1.521521521521521514e+01 2.591738319773158050e+00
1.523523523523523515e+01 2.794201906504795829e+00
1.525525525525525516e+01 2.605579092020053444e+00
1.527527527527527518e+01 2.454060757949163563e+00
1.529529529529529519e+01 2.469501670891439460e+00
1.531531531531531520e+01 2.360766308599386409e+00
1.533533533533533522e+01 2.245840289571063852e+00
1.535535535535535523e+01 2.176026018524699790e+00
1.537537537537537524e+01 2.351293661435780891e+00
1.539539539539539525e+01 2.286318852939269064e+00
1.541541541541541527e+01 2.392404348613458964e+00
1.543543543543543528e+01 2.271499472498653027e+00
1.545545545545545529e+01 2.356588744316234774e+00
1.547547547547547531e+01 2.492913192713964943e+00
1.549549549549549532e+01 2.175736218506409969e+00
1.551551551551551533e+01 2.154294993817795323e+00
1.553553553553553535e+01 2.359679889168236677e+00
1.555555555555555536e+01 2.482051942675386869e+00
1.557557557557557537e+01 2.142068721296233047e+00
1.559559559559559538e+01 2.046500330415819580e+00
1.561561561561561540e+01 2.176332771551869882e+00
1.563563563563563541e+01 2.154356895310357345e+00
1.565565565565565542e+01 2.258243412397066496e+00
1.567567567567567544e+01 2.071034164234708097e+00
1.569569569569569545e+01 2.145568860517442999e+00
1.571571571571571546e+01 2.135681309012901430e+00
1.573573573573573547e+01 2.003802629949699821e+00
1.575575575575575549e+01 2.002266041012595199e+00
1.577577577577577550e+01 2.205772926814380419e+00
1.579579579579579551e+01 2.216562082654083721e+00
1.581581581581581553e+01 2.082584447578454956e+00
1.583583583583583554e+01 2.325264945993300358e+00
1.585585585585585555e+01 2.266380697773292763e+00
1.587587587587587556e+01 2.224961846963331880e+00
1.589589589589589558e+01 2.247524122503413047e+00
1.591591591591591559e+01 2.230278192257325376e+00
1.593593593593593560e+01 2.278631208192317903e+00
1.595595595595595562e+01 2.305058893476660486e+00
1.597597597597597563e+01 2.237620528424371535e+00
1.599599599599599564e+01 2.036983594995469549e+00
1.601601601601601743e+01 2.244910566078533787e+00
1.603603603603603744e+01 2.194060797911537186e+00
1.605605605605605746e+01 2.176624470112472842e+00
1.607607607607607747e+01 2.378074331851850687e+00
1.609609609609609748e+01 2.157558212599243852e+00
1.611611611611611750e+01 2.445718042098666167e+00
1.613613613613613751e+01 2.319951689824520269e+00
1.615615615615615752e+01 2.285042414850932957e+00
1.617617617617617753e+01 2.347495925688505292e+00
1.619619619619619755e+01 2.701001355358293221e+00
1.621621621621621756e+01 2.641626573554129553e+00
1.623623623623623757e+01 2.492323101174249267e+00
1.625625625625625759e+01 2.660280570618481999e+00
1.627627627627627760e+01 2.764433136626879062e+00
1.629629629629629761e+01 2.526731116709667102e+00
1.631631631631631763e+01 2.619692803223098831e+00
1.633633633633633764e+01 2.776819332422117981e+00
1.635635635635635765e+01 2.759094456724977995e+00
1.637637637637637766e+01 2.716111341045091443e+00
1.639639639639639768e+01 2.956527902867002400e+00
1.641641641641641769e+01 2.879870694014406762e+00
1.643643643643643770e+01 2.946675080279360426e+00
1.645645645645645772e+01 3.148492125112644757e+00
1.647647647647647773e+01 2.993571853127906746e+00
1.649649649649649774e+01 3.253300982869758773e+00
1.651651651651651775e+01 3.054472479724310574e+00
1.653653653653653777e+01 3.047273027291347081e+00
1.655655655655655778e+01 3.117675476540137769e+00
1.657657657657657779e+01 3.234713575363172833e+00
1.659659659659659781e+01 3.253854511780020164e+00
1.661661661661661782e+01 3.266402507105388597e+00
1.663663663663663783e+01 3.118282182583570261e+00
1.665665665665665784e+01 3.200464974520410788e+00
1.667667667667667786e+01 3.326150529721314530e+00
1.669669669669669787e+01 3.469401310082084855e+00
1.671671671671671788e+01 3.584320943435814755e+00
1.673673673673673790e+01 5.232735448585964733e+00
1.675675675675675791e+01 3.504033508735707514e+00
1.677677677677677792e+01 3.513320540516812862e+00
1.679679679679679793e+01 3.589699861997020403e+00
1.681681681681681795e+01 3.662748704279036982e+00
1.683683683683683796e+01 3.594002777798552817e+00
1.685685685685685797e+01 3.585422233535557446e+00
1.687687687687687799e+01 3.863286417905547943e+00
1.689689689689689800e+01 3.875198876629692535e+00
1.691691691691691801e+01 3.793547390756537130e+00
1.693693693693693803e+01 3.861064549012997116e+00
1.695695695695695804e+01 3.839294542851852565e+00
1.697697697697697805e+01 3.801819953123932283e+00
1.699699699699699806e+01 4.047232881165554019e+00
1.701701701701701808e+01 3.946859885136231316e+00
1.703703703703703809e+01 3.933883770496987342e+00
1.705705705705705810e+01 4.019325326331388837e+00
1.707707707707707812e+01 4.279882447654724587e+00
1.709709709709709813e+01 4.188139500928873993e+00
1.711711711711711814e+01 4.196392122665942637e+00
1.713713713713713815e+01 4.209985890100092831e+00
1.715715715715715817e+01 4.316129687024591099e+00
1.717717717717717818e+01 4.328989343044182370e+00
1.719719719719719819e+01 4.145688038185862290e+00
1.721721721721721821e+01 4.278241673046686344e+00
1.723723723723723822e+01 4.258853002887292405e+00
1.725725725725725823e+01 4.368405330613040150e+00
1.727727727727727824e+01 4.360001245578832396e+00
1.729729729729729826e+01 4.180816735929203887e+00
1.731731731731731827e+01 4.519861325263867080e+00
1.733733733733733828e+01 4.445040603969804494e+00
1.735735735735735830e+01 4.255660812426885542e+00
1.737737737737737831e+01 4.562958384054374150e+00
1.739739739739739832e+01 4.470576174309560891e+00
1.741741741741741833e+01 4.516665733966671148e+00
1.743743743743743835e+01 4.480436047539462230e+00
1.745745745745745836e+01 4.501457680502930714e+00
1.747747747747747837e+01 4.439495536300404943e+00
1.749749749749749839e+01 4.325755047413994525e+00
1.751751751751751840e+01 4.435865863074131887e+00
1.753753753753753841e+01 4.519299478720006036e+00
1.755755755755755843e+01 4.505272013500440487e+00
1.757757757757757844e+01 4.566842729394947398e+00
1.759759759759759845e+01 4.488257469755176921e+00
1.761761761761761846e+01 4.265083750223943149e+00
1.763763763763763848e+01 4.563780785783473348e+00
1.765765765765765849e+01 4.399856261808952951e+00
1.767767767767767850e+01 4.337457178994896800e+00
1.769769769769769852e+01 4.432428480465198994e+00
1.771771771771771853e+01 4.315360621119373796e+00
1.773773773773773854e+01 4.479295297897128769e+00
1.775775775775775855e+01 4.335157061197810968e+00
1.777777777777777857e+01 4.612822204555547145e+00
1.779779779779779858e+01 4.373912879333582637e+00
1.781781781781781859e+01 4.325826284403993860e+00
1.783783783783783861e+01 4.297902333182015866e+00
1.785785785785785862e+01 4.125362283625266357e+00
1.787787787787787863e+01 4.236613570841616827e+00
1.789789789789789864e+01 4.226678602311088717e+00
1.791791791791791866e+01 4.247947153073371673e+00
1.793793793793793867e+01 4.032224728921581125e+00
1.795795795795795868e+01 4.238369663909025142e+00
1.797797797797797870e+01 4.340409091893933535e+00
1.799799799799799871e+01 4.139699134944629932e+00
1.801801801801801872e+01 4.151261952409635470e+00
1.803803803803803874e+01 4.172635954816222181e+00
1.805805805805805875e+01 4.019393120456713930e+00
1.807807807807807876e+01 4.027321091633486283e+00
1.809809809809809877e+01 4.139579744004199036e+00
1.811811811811811879e+01 4.031709334286066593e+00
1.813813813813813880e+01 3.856687576077233892e+00
1.815815815815815881e+01 3.768792128511958328e+00
1.817817817817817883e+01 4.151689779104275502e+00
1.819819819819819884e+01 3.932125967217789508e+00
1.821821821821821885e+01 3.692793330993485057e+00
1.823823823823823886e+01 3.837446429405058090e+00
1.825825825825825888e+01 3.857670981073970218e+00
1.827827827827827889e+01 3.767585621588316336e+00
1.829829829829829890e+01 3.531047932249454124e+00
1.831831831831831892e+01 3.873163600314767141e+00
1.833833833833833893e+01 3.716246676080281919e+00
1.835835835835835894e+01 3.601781724925152695e+00
1.837837837837837895e+01 3.657811303942013925e+00
1.839839839839839897e+01 3.532153139943530196e+00
1.841841841841841898e+01 3.487733893710903477e+00
1.843843843843843899e+01 3.579607752525270303e+00
1.845845845845845901e+01 3.254517267042869477e+00
1.847847847847847902e+01 3.525933466487730872e+00
1.849849849849849903e+01 3.432572977587388774e+00
1.851851851851851904e+01 3.437897458350624547e+00
1.853853853853853906e+01 3.422551399581209797e+00
1.855855855855855907e+01 3.457644789204372238e+00
1.857857857857857908e+01 3.416225739159391317e+00
1.859859859859859910e+01 3.330263943458938058e+00
1.861861861861861911e+01 3.172365561608600171e+00
1.863863863863863912e+01 3.254134100693360843e+00
1.865865865865865914e+01 3.108179810420475420e+00
1.867867867867867915e+01 3.033424828709294641e+00
1.869869869869869916e+01 3.151903403531961523e+00
1.871871871871871917e+01 3.117509799007420312e+00
1.873873873873873919e+01 3.178793670930998516e+00
1.875875875875875920e+01 2.817020871958351602e+00
1.877877877877877921e+01 3.074315386971121722e+00
1.879879879879879923e+01 3.061298994042942034e+00
1.881881881881881924e+01 2.985098497236852388e+00
1.883883883883883925e+01 3.106200042928181304e+00
1.885885885885885926e+01 2.849317941596617221e+00
1.887887887887887928e+01 2.956707958532502012e+00
1.889889889889889929e+01 2.869733146576314287e+00
1.891891891891891930e+01 2.892652752606179156e+00
1.893893893893893932e+01 2.783266092086575494e+00
1.895895895895895933e+01 2.856784432205177193e+00
1.897897897897897934e+01 2.929776402851707928e+00
1.899899899899899935e+01 2.865176479123459963e+00
1.901901901901901937e+01 2.881117136796014666e+00
1.903903903903903938e+01 2.762427946716437432e+00
1.905905905905905939e+01 2.997527711968327679e+00
1.907907907907907941e+01 2.762388277501043987e+00
1.909909909909909942e+01 2.833813005815950081e+00
1.911911911911911943e+01 2.891556012678101251e+00
1.913913913913913944e+01 2.814648959658530014e+00
1.915915915915915946e+01 2.912936925167040947e+00
1.917917917917917947e+01 2.859833520484146074e+00
1.919919919919919948e+01 3.018908778656735237e+00
1.921921921921921950e+01 2.908800926507518092e+00
1.923923923923923951e+01 2.901737448221613391e+00
1.925925925925925952e+01 2.789177981994700684e+00
1.927927927927927954e+01 2.929393642974431167e+00
1.929929929929929955e+01 2.996992942962745321e+00
1.931931931931931956e+01 2.951187185819083680e+00
1.933933933933933957e+01 2.829900431125305094e+00
1.935935935935935959e+01 2.885501276602437937e+00
1.937937937937937960e+01 2.935399056382208105e+00
1.939939939939939961e+01 2.980225392516650640e+00
1.941941941941941963e+01 2.858384214574382742e+00
1.943943943943943964e+01 3.210412687977795443e+00
1.945945945945945965e+01 3.033581930766668933e+00
1.947947947947947966e+01 3.079494470221171731e+00
1.949949949949949968e+01 3.048724313053745139e+00
1.951951951951951969e+01 3.115771240405496911e+00
1.953953953953953970e+01 3.342084320540810616e+00
1.955955955955955972e+01 3.080639675445921544e+00
1.957957957957957973e+01 3.153932349272001279e+00
1.959959959959959974e+01 3.132562674804972858e+00
1.961961961961961975e+01 3.213491347347243288e+00
1.963963963963963977e+01 3.456734079742671106e+00
1.965965965965965978e+01 3.272048056723852127e+00
1.967967967967967979e+01 3.324093889853529049e+00
1.969969969969969981e+01 3.222839130444474343e+00
1.971971971971971982e+01 3.405406259482840703e+00
1.973973973973973983e+01 3.501680931156188503e+00
1.975975975975975985e+01 3.466974942702615081e+00
1.977977977977977986e+01 3.514358982630747086e+00
1.979979979979979987e+01 3.674093675530320180e+00
1.981981981981981988e+01 3.686029237781785373e+00
1.983983983983983990e+01 3.662167256726016618e+00
1.985985985985985991e+01 3.633868866745193937e+00
1.987987987987987992e+01 3.601605267116169351e+00
1.989989989989989994e+01 3.963971400311665949e+00
1.991991991991991995e+01 3.679608480825106831e+00
1.993993993993993996e+01 3.942183280729886441e+00
1.995995995995995997e+01 3.898752403073387995e+00
1.997997997997997999e+01 3.886405249477331125e+00
2.000000000000000000e+01 4.091223289870420388e+00
